V_opt: 9.408398506373334
V_opts:
- 9.467508836288784
- 9.475873582981839
- 9.462354676194092
- 9.190898144174335
- 9.392403798579085
action_num: 5
algo: APG
chunk_size: 1
d_rho_opt:
- 0.26380524901522867
- 0.30207820218084785
- 0.09999999999999996
- 0.12874247241137055
- 0.2053740763925526
env: ./mdp_env/mdp_5s5a_hard.yaml
epoch: 6000
eta: 0.00012499999999999992
fname: mdp_5s5a_hard_apg
gamma: 0.9
graphing_size:
- 6000
initial_state_distribution_dict:
  s1: 0.3
  s2: 0.2
  s3: 0.1
  s4: 0.15
  s5: 0.25
initial_theta_dict:
  s1:
  - 1.0
  - 2.0
  - 4.0
  - 3.0
  - 5.0
  s2:
  - 3.0
  - 4.0
  - 5.0
  - 1.0
  - 2.0
  s3:
  - 5.0
  - 2.0
  - 3.0
  - 4.0
  - 1.0
  s4:
  - 5.0
  - 4.0
  - 2.0
  - 1.0
  - 3.0
  s5:
  - 2.0
  - 4.0
  - 3.0
  - 5.0
  - 1.0
log_dir: ./logs/mdp_5s5a_hard_apg
log_root: ./logs
max_iter: 100000000
optimal_policy:
- 0
- 3
- 4
- 3
- 4
random_mdp: false
reward_dict:
  s1_a1: 1.0
  s1_a2: 0.8
  s1_a3: 0.6
  s1_a4: 0.7
  s1_a5: 0.4
  s2_a1: 0.5
  s2_a2: 0.3
  s2_a3: 0.1
  s2_a4: 1.0
  s2_a5: 0.6
  s3_a1: 0.6
  s3_a2: 0.9
  s3_a3: 0.8
  s3_a4: 0.7
  s3_a5: 1.0
  s4_a1: 0.1
  s4_a2: 0.2
  s4_a3: 0.6
  s4_a4: 0.7
  s4_a5: 0.4
  s5_a1: 0.8
  s5_a2: 0.4
  s5_a3: 0.6
  s5_a4: 0.2
  s5_a5: 0.9
seed_num: 1
state_action_num:
- null
- null
state_num: 5
stochastic: false
transition_prob_dict:
  s1a1_s1: 0.1
  s1a1_s2: 0.5
  s1a1_s3: 0.1
  s1a1_s4: 0.2
  s1a1_s5: 0.1
  s1a2_s1: 0.6
  s1a2_s2: 0.1
  s1a2_s3: 0.1
  s1a2_s4: 0.1
  s1a2_s5: 0.1
  s1a3_s1: 0.5
  s1a3_s2: 0.1
  s1a3_s3: 0.1
  s1a3_s4: 0.2
  s1a3_s5: 0.1
  s1a4_s1: 0.4
  s1a4_s2: 0.3
  s1a4_s3: 0.1
  s1a4_s4: 0.1
  s1a4_s5: 0.1
  s1a5_s1: 0.2
  s1a5_s2: 0.1
  s1a5_s3: 0.1
  s1a5_s4: 0.1
  s1a5_s5: 0.5
  s2a1_s1: 0.1
  s2a1_s2: 0.5
  s2a1_s3: 0.2
  s2a1_s4: 0.1
  s2a1_s5: 0.1
  s2a2_s1: 0.4
  s2a2_s2: 0.1
  s2a2_s3: 0.2
  s2a2_s4: 0.2
  s2a2_s5: 0.1
  s2a3_s1: 0.1
  s2a3_s2: 0.4
  s2a3_s3: 0.3
  s2a3_s4: 0.1
  s2a3_s5: 0.1
  s2a4_s1: 0.4
  s2a4_s2: 0.1
  s2a4_s3: 0.1
  s2a4_s4: 0.1
  s2a4_s5: 0.3
  s2a5_s1: 0.2
  s2a5_s2: 0.2
  s2a5_s3: 0.2
  s2a5_s4: 0.2
  s2a5_s5: 0.2
  s3a1_s1: 0.6
  s3a1_s2: 0.1
  s3a1_s3: 0.1
  s3a1_s4: 0.1
  s3a1_s5: 0.1
  s3a2_s1: 0.2
  s3a2_s2: 0.4
  s3a2_s3: 0.1
  s3a2_s4: 0.2
  s3a2_s5: 0.1
  s3a3_s1: 0.3
  s3a3_s2: 0.3
  s3a3_s3: 0.2
  s3a3_s4: 0.1
  s3a3_s5: 0.1
  s3a4_s1: 0.1
  s3a4_s2: 0.4
  s3a4_s3: 0.3
  s3a4_s4: 0.1
  s3a4_s5: 0.1
  s3a5_s1: 0.2
  s3a5_s2: 0.1
  s3a5_s3: 0.1
  s3a5_s4: 0.1
  s3a5_s5: 0.5
  s4a1_s1: 0.6
  s4a1_s2: 0.1
  s4a1_s3: 0.1
  s4a1_s4: 0.1
  s4a1_s5: 0.1
  s4a2_s1: 0.1
  s4a2_s2: 0.5
  s4a2_s3: 0.1
  s4a2_s4: 0.2
  s4a2_s5: 0.1
  s4a3_s1: 0.2
  s4a3_s2: 0.1
  s4a3_s3: 0.1
  s4a3_s4: 0.1
  s4a3_s5: 0.5
  s4a4_s1: 0.4
  s4a4_s2: 0.3
  s4a4_s3: 0.1
  s4a4_s4: 0.1
  s4a4_s5: 0.1
  s4a5_s1: 0.5
  s4a5_s2: 0.1
  s4a5_s3: 0.1
  s4a5_s4: 0.2
  s4a5_s5: 0.1
  s5a1_s1: 0.2
  s5a1_s2: 0.2
  s5a1_s3: 0.2
  s5a1_s4: 0.2
  s5a1_s5: 0.2
  s5a2_s1: 0.4
  s5a2_s2: 0.1
  s5a2_s3: 0.2
  s5a2_s4: 0.2
  s5a2_s5: 0.1
  s5a3_s1: 0.4
  s5a3_s2: 0.1
  s5a3_s3: 0.1
  s5a3_s4: 0.3
  s5a3_s5: 0.1
  s5a4_s1: 0.1
  s5a4_s2: 0.4
  s5a4_s3: 0.2
  s5a4_s4: 0.1
  s5a4_s5: 0.2
  s5a5_s1: 0.2
  s5a5_s2: 0.5
  s5a5_s3: 0.1
  s5a5_s4: 0.1
  s5a5_s5: 0.1
